3.251701989393856139e-05 3.944715430976353839e-05 4.410059266599604047e-05 4.710325748453407339e-05 4.855802490091217492e-05 4.893814807756597442e-05 4.844476155776032060e-05 4.683146962614356888e-05 4.458714989470571600e-05 4.207931418957830682e-05 3.934696226087083738e-05 3.706102349676755018e-05 3.516584635559386431e-05 2.966366683854493403e-05 2.130618464984270369e-05
3.944715430976353839e-05 5.418556831674002633e-05 6.513686553225607717e-05 7.234516024283835277e-05 7.642667986391600847e-05 7.855414804390786906e-05 7.929985320908068528e-05 7.835684232126672525e-05 7.629688731969252384e-05 7.358105274713355075e-05 7.048125617525427306e-05 6.769768492392977313e-05 6.503188490022970576e-05 5.614844521529131533e-05 4.064833641983724058e-05
4.410059266599604047e-05 6.513686553225607717e-05 8.388833002744800426e-05 9.740401759525902173e-05 1.056939749409453369e-04 1.106718402647917989e-04 1.134140428993985606e-04 1.137657141883354302e-04 1.127910173850247329e-04 1.106491590966695991e-04 1.077123130197964450e-04 1.047077532234236817e-04 1.011820088121034259e-04 8.858004890153682749e-05 6.589436795925109785e-05
4.710325748453407339e-05 7.234516024283835277e-05 9.740401759525902173e-05 1.185927853486712461e-04 1.334742475043690401e-04 1.430744603370060419e-04 1.490551347240862048e-04 1.515893235695486385e-04 1.523395294423515929e-04 1.513903236316780688e-04 1.492315803730252951e-04 1.465073495163664362e-04 1.424218424192697831e-04 1.266044937821332063e-04 9.761202241683976019e-05
4.855802490091217492e-05 7.642667986391600847e-05 1.056939749409453369e-04 1.334742475043690401e-04 1.566924119431695954e-04 1.736584973249617671e-04 1.850684226419248052e-04 1.913131126117164499e-04 1.949105647194563533e-04 1.960052823238034054e-04 1.953496817304194470e-04 1.934603298519714824e-04 1.892108245246861432e-04 1.705368446177964875e-04 1.348633740147707190e-04
4.893814807756597442e-05 7.855414804390786906e-05 1.106718402647917989e-04 1.430744603370060419e-04 1.736584973249617671e-04 2.000227205710018502e-04 2.198137708860178256e-04 2.323029222047358203e-04 2.406360324726889441e-04 2.451714869195685499e-04 2.468586005438229230e-04 2.463053297125547244e-04 2.421515297657862178e-04 2.203391322627587751e-04 1.770394226371350163e-04
4.844476155776032060e-05 7.929985320908068528e-05 1.134140428993985606e-04 1.490551347240862048e-04 1.850684226419248052e-04 2.198137708860178256e-04 2.502776791950014315e-04 2.723187315459776208e-04 2.879164207628599780e-04 2.979472594032346903e-04 3.032087356911054897e-04 3.046375000502545851e-04 3.009780344128386038e-04 2.763746841725277345e-04 2.254529026049157043e-04
4.683146962614356888e-05 7.835684232126672525e-05 1.137657141883354302e-04 1.515893235695486385e-04 1.913131126117164499e-04 2.323029222047358203e-04 2.723187315459776208e-04 3.066041515383747108e-04 3.327689726071873300e-04 3.510227129367044516e-04 3.620264048843235979e-04 3.669189978454137592e-04 3.645427979724349629e-04 3.387751640287832130e-04 2.825310047673277366e-04
4.458714989470571600e-05 7.629688731969252384e-05 1.127910173850247329e-04 1.523395294423515929e-04 1.949105647194563533e-04 2.406360324726889441e-04 2.879164207628599780e-04 3.327689726071873300e-04 3.716188160791225104e-04 4.011486473869088805e-04 4.207025414040084965e-04 4.316265120333824404e-04 4.326448564391124321e-04 4.089549835467207401e-04 3.479942244774971534e-04
4.207931418957830682e-05 7.358105274713355075e-05 1.106491590966695991e-04 1.513903236316780688e-04 1.960052823238034054e-04 2.451714869195685499e-04 2.979472594032346903e-04 3.510227129367044516e-04 4.011486473869088805e-04 4.436056026536336675e-04 4.742918651844668784e-04 4.936479085145007708e-04 5.001278438806249426e-04 4.817095246148989725e-04 4.179757697801860005e-04
3.934696226087083738e-05 7.048125617525427306e-05 1.077123130197964450e-04 1.492315803730252951e-04 1.953496817304194470e-04 2.468586005438229230e-04 3.032087356911054897e-04 3.620264048843235979e-04 4.207025414040084965e-04 4.742918651844668784e-04 5.172597249087860496e-04 5.474630961377057467e-04 5.617533090496137135e-04 5.533326564039129074e-04 4.897564437850124731e-04
3.706102349676755018e-05 6.769768492392977313e-05 1.047077532234236817e-04 1.465073495163664362e-04 1.934603298519714824e-04 2.463053297125547244e-04 3.046375000502545851e-04 3.669189978454137592e-04 4.316265120333824404e-04 4.936479085145007708e-04 5.474630961377057467e-04 5.897825394048369441e-04 6.144576573574961299e-04 6.217569649515934573e-04 5.620376187282343774e-04
3.516584635559386431e-05 6.503188490022970576e-05 1.011820088121034259e-04 1.424218424192697831e-04 1.892108245246861432e-04 2.421515297657862178e-04 3.009780344128386038e-04 3.645427979724349629e-04 4.326448564391124321e-04 5.001278438806249426e-04 5.617533090496137135e-04 6.144576573574961299e-04 6.507544807554723485e-04 6.796638277258588295e-04 6.286258703055611855e-04
2.966366683854493403e-05 5.614844521529131533e-05 8.858004890153682749e-05 1.266044937821332063e-04 1.705368446177964875e-04 2.203391322627587751e-04 2.763746841725277345e-04 3.387751640287832130e-04 4.089549835467207401e-04 4.817095246148989725e-04 5.533326564039129074e-04 6.217569649515934573e-04 6.796638277258588295e-04 7.843337758861743331e-04 7.905701298416651854e-04
2.130618464984270369e-05 4.064833641983724058e-05 6.589436795925109785e-05 9.761202241683976019e-05 1.348633740147707190e-04 1.770394226371350163e-04 2.254529026049157043e-04 2.825310047673277366e-04 3.479942244774971534e-04 4.179757697801860005e-04 4.897564437850124731e-04 5.620376187282343774e-04 6.286258703055611855e-04 7.905701298416651854e-04 9.985375476905405685e-04
